  1.9000000
  1.7000000
  1.8000000
  1.9000000
  1.8000000
  1.8000000
  1.9000000
  1.9000000
  1.9000000
  1.9000000
  3.0000000
  2.0000000
#:<><><><>:<><><><>:<><><><>:
      1.9369810   
      1.7833834   
      1.7272390    
      1.8972447
      1.8778339
      1.8032546
      1.9338336
      1.8370479
      1.9369810
      1.8679183
      3.2309171
      2.3043022
 #:<><><><>:<><><><>:<><><><>:# Fitness=   151.40004411000021  
      1.9369810    
      1.7833834  
      1.7272390     
      1.7022930
      1.8778339
      1.8032546
      1.9338336
      1.8370479
      1.9369810
      1.8679183
      3.1971524
      2.1948578
 #:<><><><>:<><><><>:<><><><>:#10 # Fitness=   151.95085277750016 
      1.8397080     
      1.8091058   
      1.6105283   
      1.7454815
      1.8351161
      1.7033725
      1.8397080
      1.7520049
      1.7326454
      1.8397080
      3.2744011
      2.3788250
#:<><><><>:<><><><>:<><><><>:#1 # Fitness=   154.37765381750020   
      1.8397080   
      1.8091058      
      1.6105283    
      1.7458350
      1.8351161
      1.7033725
      1.8397080
      1.7520049
      1.7326454
      1.8397080
      3.2744011
      2.3398791
#:<><><><>:<><><><>:<><><><>:#10 # Fitness=   154.57695032250004      
  1.9000000
  1.7000000
  1.8000000
  1.9000000
  1.8000000
  1.8000000
  1.9000000
  1.9000000
  1.9000000
  1.9000000
  3.0000000
  2.0000000
#:<><><><>:<><><><>:<><><><>:
  1.9000000
  1.7000000
  1.8000000
  1.9000000
  1.8000000
  1.8000000
  1.9000000
  1.9000000
  1.9000000
  1.9000000
  3.0000000
  2.0000000
#:<><><><>:<><><><>:<><><><>:
  1.9000000
  1.7000000
  1.8000000
  1.9000000
  1.8000000
  1.8000000
  1.9000000
  1.9000000
  1.9000000
  1.9000000
  3.0000000
  2.0000000
#:<><><><>:<><><><>:<><><><>:
  1.9000000
  1.7000000
  1.8000000
  1.9000000
  1.8000000
  1.8000000
  1.9000000
  1.9000000
  1.9000000
  1.9000000
  3.0000000
  2.0000000
#:<><><><>:<><><><>:<><><><>:
  1.9000000
  1.7000000
  1.8000000
  1.9000000
  1.8000000
  1.8000000
  1.9000000
  1.9000000
  1.9000000
  1.9000000
  3.0000000
  2.0000000
#:<><><><>:<><><><>:<><><><>:
  1.9000000
  1.7000000
  1.8000000
  1.9000000
  1.8000000
  1.8000000
  1.9000000
  1.9000000
  1.9000000
  1.9000000
  3.0000000
  2.0000000
#:<><><><>:<><><><>:<><><><>:
  1.9000000
  1.7000000
  1.8000000
  1.9000000
  1.8000000
  1.8000000
  1.9000000
  1.9000000
  1.9000000
  1.9000000
  3.0000000
  2.0000000
#:<><><><>:<><><><>:<><><><>:
  1.9000000
  1.7000000
  1.8000000
  1.9000000
  1.8000000
  1.8000000
  1.9000000
  1.9000000
  1.9000000
  1.9000000
  3.0000000
  2.0000000
#:<><><><>:<><><><>:<><><><>:
  1.9000000
  1.7000000
  1.8000000
  1.9000000
  1.8000000
  1.8000000
  1.9000000
  1.9000000
  1.9000000
  1.9000000
  3.0000000
  2.0000000
#:<><><><>:<><><><>:<><><><>:


