  135.0342     40.24217 
  135.5451     39.84563 
  136.0561     39.45295 
  136.5670     39.06409 
  137.0780     38.67902 
  137.5889     38.29770 
  138.0999     37.92010 
  138.6108     37.54617 
  139.1218     37.17589 
  139.6327     36.80922 
  140.1437     36.44612 
  140.6546     36.08656 
  141.1655     35.73050 
  141.6765     35.37791 
  142.1874     35.02876 
  142.6984     34.68300 
  143.2093     34.34062 
  143.7203     34.00156 
  144.2312     33.66581 
  144.7422     33.33332 
  145.2531     33.00407 
  145.7641     32.67801 
  146.2750     32.35513 
  146.7859     32.03538 
  147.2969     31.71874 
  147.8078     31.40517 
  148.3188     31.09464 
  148.8297     30.78712 
  149.3407     30.48258 
  149.8516     30.18100 
  150.3626     29.88233 
  150.8735     29.58655 
  151.3845     29.29362 
  151.8954     29.00353 
  152.4063     28.71624 
  152.9173     28.43172 
  153.4282     28.14995 
  153.9392     27.87088 
  154.4501     27.59451 
  154.9611     27.32079 
  155.4720     27.04971 
  155.9830     26.78123 
  156.4939     26.51532 
  157.0049     26.25197 
  157.5158     25.99114 
  158.0267     25.73281 
  158.5377     25.47695 
  159.0486     25.22353 
  159.5596     24.97253 
  160.0705     24.72393 
  160.5815     24.47770 
  161.0924     24.23382 
  161.6034     23.99225 
  162.1143     23.75298 
  162.6252     23.51599 
  163.1362     23.28124 
  163.6471     23.04872 
  164.1581     22.81841 
  164.6690     22.59027 
  165.1800     22.36429 
  165.6909     22.14044 
  166.2019     21.91870 
  166.7128     21.69906 
  167.2238     21.48149 
  167.7347     21.26596 
  168.2456     21.05245 
  168.7566     20.84096 
  169.2675     20.63144 
  169.7785     20.42389 
  170.2894     20.21828 
  170.8004     20.01460 
  171.3113     19.81281 
  171.8223     19.61291 
  172.3332     19.41488 
  172.8442     19.21868 
  173.3551     19.02432 
  173.8660     18.83176 
  174.3770     18.64098 
  174.8879     18.45198 
  175.3989     18.26472 
  175.9098     18.07920 
  176.4208     17.89540 
  176.9317     17.71329 
  177.4427     17.53286 
  177.9536     17.35410 
  178.4646     17.17698 
  178.9755     17.00148 
  179.4864     16.82760 
  179.9974     16.65532 
  180.5083     16.48461 
  181.0193     16.31547 
  181.5302     16.14787 
  182.0412     15.98181 
  182.5521     15.81726 
  183.0631     15.65421 
  183.5740     15.49264 
  184.0850     15.33255 
  184.5959     15.17390 
  185.1068     15.01670 
  185.6178     14.86093 
  186.1287     14.70656 
  186.6397     14.55359 
  187.1506     14.40200 
  187.6616     14.25179 
  188.1725     14.10292 
  188.6835     13.95540 
  189.1944     13.80920 
  189.7054     13.66432 
  190.2163     13.52074 
  190.7272     13.37844 
  191.2382     13.23742 
  191.7491     13.09766 
  192.2601     12.95915 
  192.7710     12.82188 
  193.2820     12.68583 
  193.7929     12.55100 
  194.3039     12.41736 
  194.8148     12.28492 
  195.3258     12.15364 
  195.8367     12.02354 
  196.3476     11.89458 
  196.8586     11.76677 
  197.3695     11.64009 
  197.8805     11.51452 
  198.3914     11.39007 
  198.9024     11.26671 
  199.4133     11.14444 
  199.9243     11.02324 
  200.4352     10.90311 
  200.9462     10.78403 
  201.4571     10.66600 
  201.9680     10.54899 
  202.4790     10.43302 
  202.9899     10.31805 
  203.5009     10.20410 
  204.0118     10.09113 
  204.5228      9.97915 
  205.0337      9.86814 
  205.5447      9.75810 
  206.0556      9.64901 
  206.5666      9.54087 
  207.0775      9.43367 
  207.5884      9.32740 
  208.0994      9.22204 
  208.6103      9.11760 
  209.1213      9.01405 
  209.6322      8.91140 
  210.1432      8.80964 
  210.6541      8.70874 
  211.1651      8.60872 
  211.6760      8.50956 
  212.1870      8.41124 
  212.6979      8.31377 
  213.2088      8.21713 
  213.7198      8.12132 
  214.2307      8.02633 
  214.7417      7.93215 
  215.2526      7.83878 
  215.7636      7.74619 
  216.2745      7.65440 
  216.7855      7.56339 
  217.2964      7.47315 
  217.8073      7.38367 
  218.3183      7.29496 
  218.8292      7.20699 
  219.3402      7.11977 
  219.8511      7.03329 
  220.3621      6.94754 
  220.8730      6.86251 
  221.3840      6.77820 
  221.8949      6.69459 
  222.4059      6.61170 
  222.9168      6.52949 
  223.4277      6.44798 
  223.9387      6.36716 
  224.4496      6.28701 
  224.9606      6.20753 
  225.4715      6.12871 
  225.9825      6.05056 
  226.4934      5.97306 
  227.0044      5.89620 
  227.5153      5.81999 
  228.0263      5.74441 
  228.5372      5.66946 
  229.0481      5.59513 
  229.5591      5.52142 
  230.0700      5.44832 
  230.5810      5.37583 
  231.0919      5.30394 
  231.6029      5.23264 
  232.1138      5.16193 
  232.6248      5.09181 
  233.1357      5.02227 
  233.6467      4.95330 
  234.1576      4.88490 
  234.6685      4.81706 
  235.1795      4.74978 
  235.6904      4.68305 
  236.2014      4.61687 
  236.7123      4.55124 
  237.2233      4.48614 
  237.7342      4.42158 
  238.2452      4.35754 
  238.7561      4.29403 
  239.2671      4.23104 
  239.7780      4.16856 
  240.2889      4.10659 
  240.7999      4.04513 
  241.3108      3.98417 
  241.8218      3.92371 
  242.3327      3.86373 
  242.8437      3.80425 
  243.3546      3.74524 
  243.8656      3.68672 
  244.3765      3.62867 
  244.8875      3.57109 
  245.3984      3.51398 
  245.9093      3.45733 
  246.4203      3.40114 
  246.9312      3.34540 
  247.4422      3.29012 
  247.9531      3.23528 
  248.4641      3.18088 
  248.9750      3.12691 
  249.4860      3.07339 
  249.9969      3.02029 
  250.5079      2.96762 
  251.0188      2.91538 
  251.5297      2.86355 
  252.0407      2.81214 
  252.5516      2.76114 
  253.0626      2.71055 
  253.5735      2.66037 
  254.0845      2.61058 
  254.5954      2.56120 
  255.1064      2.51221 
  255.6173      2.46361 
  256.1283      2.41540 
  256.6392      2.36757 
  257.1501      2.32013 
  257.6611      2.27306 
  258.1720      2.22636 
  258.6830      2.18004 
  259.1939      2.13409 
  259.7049      2.08850 
  260.2158      2.04327 
  260.7268      1.99840 
  261.2377      1.95389 
  261.7487      1.90973 
  262.2596      1.86592 
  262.7705      1.82246 
  263.2815      1.77934 
  263.7924      1.73656 
  264.3034      1.69412 
  264.8143      1.65202 
  265.3253      1.61025 
  265.8362      1.56880 
  266.3472      1.52769 
  266.8581      1.48690 
  267.3690      1.44642 
  267.8800      1.40627 
  268.3909      1.36644 
  268.9019      1.32691 
  269.4128      1.28770 
  269.9238      1.24880 
  270.4347      1.21020 
  270.9457      1.17190 
  271.4566      1.13390 
  271.9676      1.09621 
  272.4785      1.05880 
  272.9894      1.02169 
  273.5004      0.98487 
  274.0113      0.94834 
  274.5223      0.91210 
  275.0332      0.87613 
  275.5442      0.84045 
  276.0551      0.80505 
  276.5661      0.76992 
  277.0770      0.73507 
  277.5880      0.70049 
  278.0989      0.66618 
  278.6098      0.63214 
  279.1208      0.59836 
  279.6317      0.56484 
  280.1427      0.53159 
  280.6536      0.49859 
  281.1646      0.46586 
  281.6755      0.43337 
  282.1865      0.40114 
  282.6974      0.36916 
  283.2084      0.33742 
  283.7193      0.30594 
  284.2302      0.27469 
  284.7412      0.24369 
  285.2521      0.21293 
  285.7631      0.18241 
  286.2740      0.15213 
  286.7850      0.12208 
  287.2959      0.09226 
  287.8069      0.06267 
  288.3178      0.03331 
  288.8288      0.00418 
  289.3397     -0.02472 
  289.8506     -0.05340 
  290.3616     -0.08186 
  290.8725     -0.11011 
  291.3835     -0.13813 
  291.8944     -0.16593 
  292.4054     -0.19352 
  292.9163     -0.22090 
  293.4273     -0.24807 
  293.9382     -0.27503 
  294.4492     -0.30178 
  294.9601     -0.32832 
  295.4710     -0.35466 
  295.9820     -0.38079 
  296.4929     -0.40673 
  297.0039     -0.43246 
  297.5148     -0.45800 
  298.0258     -0.48334 
  298.5367     -0.50848 
  299.0477     -0.53343 
  299.5586     -0.55819 
  300.0696     -0.58276 
  300.5805     -0.60714 
  301.0914     -0.63133 
  301.6024     -0.65533 
  302.1133     -0.67915 
  302.6243     -0.70279 
  303.1352     -0.72625 
  303.6462     -0.74952 
  304.1571     -0.77262 
  304.6681     -0.79554 
  305.1790     -0.81828 
  305.6900     -0.84085 
  306.2009     -0.86324 
  306.7118     -0.88546 
  307.2228     -0.90752 
  307.7337     -0.92940 
  308.2447     -0.95111 
  308.7556     -0.97266 
  309.2666     -0.99404 
  309.7775     -1.01526 
  310.2885     -1.03631 
  310.7994     -1.05721 
  311.3104     -1.07794 
  311.8213     -1.09851 
  312.3322     -1.11893 
  312.8432     -1.13918 
  313.3541     -1.15929 
  313.8651     -1.17924 
  314.3760     -1.19903 
  314.8870     -1.21867 
  315.3979     -1.23817 
  315.9089     -1.25751 
  316.4198     -1.27670 
  316.9307     -1.29575 
  317.4417     -1.31465 
  317.9526     -1.33340 
  318.4636     -1.35201 
  318.9745     -1.37048 
  319.4855     -1.38880 
  319.9964     -1.40699 
  320.5074     -1.42503 
  321.0183     -1.44294 
  321.5293     -1.46071 
  322.0402     -1.47834 
  322.5511     -1.49584 
  323.0621     -1.51320 
  323.5730     -1.53043 
  324.0840     -1.54752 
  324.5949     -1.56448 
  325.1059     -1.58132 
  325.6168     -1.59802 
  326.1278     -1.61460 
  326.6387     -1.63104 
  327.1497     -1.64736 
  327.6606     -1.66356 
  328.1715     -1.67963 
  328.6825     -1.69557 
  329.1934     -1.71140 
  329.7044     -1.72710 
  330.2153     -1.74268 
  330.7263     -1.75814 
  331.2372     -1.77348 
  331.7482     -1.78870 
  332.2591     -1.80380 
  332.7701     -1.81879 
  333.2810     -1.83366 
  333.7919     -1.84842 
  334.3029     -1.86306 
  334.8138     -1.87759 
  335.3248     -1.89200 
  335.8357     -1.90631 
  336.3467     -1.92050 
  336.8576     -1.93459 
  337.3686     -1.94856 
  337.8795     -1.96243 
  338.3905     -1.97619 
  338.9014     -1.98984 
  288.9025     16.38916      3.38985 
